> with(exo, stem.leaf(gaia_gmag, na.rm=TRUE))
[1] "Warning: NA elements have been removed!!"
1 | 2: represents 1.2
 leaf unit: 0.1
            n: 3827
LO: 2.804 2.847 2.927 2.978 2.978 3.027 3.134 3.134 3.134 3.134 3.159 3.369 3.421 3.547 3.547 3.578 3.66 3.725 3.863 3.891 3.898 3.898 3.898 3.954 3.981 3.981 3.981 3.981 4.053 4.064 4.107 4.145 4.16 4.234 4.234 4.237 4.295 4.356 4.364 4.371 4.372 4.46 4.477 4.477 4.477 4.5 4.604 4.656 4.709 4.831 4.831 4.831 4.832 4.872 4.883 4.885 4.905 4.905 4.905 4.905 4.928 5.001 5.055 5.089 5.096 5.122 5.152 5.187 5.194 5.208 5.208 5.208 5.208 5.208 5.208 5.209 5.209 5.224 5.244 5.256 5.256 5.305 5.333 5.349 5.355 5.453 5.453 5.462 5.462 5.462 5.474 5.491 5.491 5.534 5.534 5.565 5.565 5.586 5.588 5.594 5.597 5.6 5.609 5.612 5.628 5.63 5.633 5.633 5.635 5.635 5.641 5.664 5.708 5.712 5.714 5.714 5.714 5.714 5.714 5.733 5.733 5.739 5.739 5.739 5.742 5.762 5.762 5.811 5.826 5.826 5.872 5.874 5.882 5.882 5.883 5.898 5.898 5.898 5.898 5.901 5.905 5.955 5.955 5.965 5.987 5.989
   188     6* | 001111111111112222222222222222233333333344
   237     6. | 5555555566666666677777777888888888888899999999999
   336     7* | 000000000000000000011111111111111111111111111122222222222223333333333333333333333333444444444444444
   475     7. | 5555555555555555555555555555566666666666666666666667777777777777777777777777777888888888888888888888888888888888889999999999999999999999999
   564     8* | 00000000000000000000000000111111111111111111222222222222222222222223333334444444444444444
   646     8. | 5555555555555555566666666666666666677777777777778888888888888888888888888888899999
   706     9* | 000000000001111111111112222222222223333333333333333444444444
   758     9. | 5555555555566666667777788888888888888899999999999999
   812    10* | 000000011111111111111222222223333333334444444444444444
   895    10. | 55555555555556666666666666777777777777778888888888888889999999999999999999999999999
   983    11* | 0000000000001111111111122222222222222233333333333333333334444444444444444444444444444444
  1143    11. | 5555555555555555555555555555566666666666666666666666666666677777777777777777777777777777777888888888888888888888888888889999999999999999999999999999999999999999
  1365    12* | 000000000000000000000000000000000000000000000011111111111111111111111111111111111111111112222222222222222222222222222222222222233333333333333333333333333333333333333444444444444444444444444444444444444444444444444444444444
  1590    12. | 555555555555555555555555555555555555555555566666666666666666666666666666666666777777777777777777777777777777777777888888888888888888888888888888888888888888888888888888888888888999999999999999999999999999999999999999999999999
  1849    13* | 0000000000000000000000000000000000000000000000000111111111111111111111111111111111111111122222222222222222222222222222222222222222222222222333333333333333333333333333333333333333333333333333333333333334444444444444444444444444444444444444444444444444444444444
  (350)   13. | 55555555555555555555555555555555555555555555555555555555555555555555556666666666666666666666666666666666666666666777777777777777777777777777777777777777777777777777777777777777777777777777777777777777777777777777777788888888888888888888888888888888888888888888888888888888899999999999999999999999999999999999999999999999999999999999999999999999999999
  1628    14* | 00000000000000000000000000000000000000000000000000000000000000011111111111111111111111111111111111111111111111111111111111111111111111111222222222222222222222222222222222222222222222222222222222222222222222222222222333333333333333333333333333333333333333333333333333334444444444444444444444444444444444444444444444444444444444444444444444444
  1287    14. | 5555555555555555555555555555555555555555555555555555555555555555555555555555555555556666666666666666666666666666666666666666666666666666666666666666666666666666666667777777777777777777777777777777777777777777777777777777777777777777777777777777777777777777777777777777788888888888888888888888888888888888888888888888888888888888888888888888888999999999999999999999999999999999999999999999999999999999999999999999999999999999999999999
   854    15* | 00000000000000000000000000000000000000000000000000000000000000000000000000000000000000000000000000000011111111111111111111111111111111111111111111111111111111111111111111111111111111111111111112222222222222222222222222222222222222222222222222222222222222222222222222222222222222222222222233333333333333333333333333333333333333333333333333333333333333333333333333333333333333333333333333333333334444444444444444444444444444444444444444444444444444444444444444444
   393    15. | 555555555555555555555555555555555555555555555555555555555555555555555555555566666666666666666666666666666666666666666666666666666666666666667777777777777777777777777777777777777777777777777777777777777777888888888888888888888888888888888888888888888888888888888888888888888888888888888888888899999999999999999999999999999999999999999999999999999
    48    16* | 00000111222222222333444
    25    16. | 5555666777999
    12    17* | 122344
          17. | 
          18* | 
     6    18. | 56799
HI: 20.48
